100 500
5890 375
9229 7758
3165 3508
874 6043
7646 7098
5224 7557
7009 7454
2283 1118
5183 4254
5430 9383
9695 9615
8454 5670
745 2545
4566 6498
7140 3691
741 7697
9551 4225
7205 1318
9098 6294
5904 2973
7148 8779
2823 6170
9254 2635
3796 3410
4072 602
82 7717
8704 444
3206 822
11 4783
6082 1113
9969 5068
2370 3134
6077 7903
3221 5477
2681 8181
7938 2217
9899 5846
6976 2523
1137 4574
1765 9897
6077 4258
2020 7800
4138 5911
4004 4778
1063 934
4548 2876
8736 8752
4878 1844
4826 1199
2279 9174
9826 6388
3990 2239
1192 5134
9393 3284
8270 3528
9822 8922
6300 6366
119 6658
3465 6031
793 9922
3112 80
5305 8238
7100 6039
8555 9585
5929 3497
3398 4932
8236 6395
2963 6835
2862 4904
4693 7620
7100 9924
366 5700
291 1909
2451 9196
2102 273
7042 4505
6336 9546
5291 5006
388 407
3181 8118
932 9150
7261 3191
2251 2208
3676 1600
3810 6977
9644 1527
9631 795
3766 7513
6109 5654
1245 1807
613 3958
5203 2356
3799 4191
709 3433
132 8995
5105 267
6807 389
5532 6618
8399 1182
3398 8989
