500 250
-124 171
-601 -549
341 -725
29 314
213 -684
775 -243
806 158
-584 840
718 -736
319 670
-879 -419
-463 316
939 -94
-441 -617
816 338
-878 939
-305 386
974 232
332 61
806 -978
-817 -687
988 912
111 942
-983 -414
587 596
-354 397
790 -469
-359 750
-572 -941
-100 -910
-241 -772
-532 123
650 650
-158 728
541 -218
-542 311
51 791
-647 -223
905 130
586 -623
-294 762
562 -939
947 635
660 -18
-355 921
-47 109
-563 33
666 709
903 -699
-847 -974
357 -424
-878 255
-318 -77
497 -194
298 -119
151 -514
-40 220
812 -623
-486 337
506 -271
10 -963
338 871
-911 -274
-43 -372
-269 434
-938 -514
-914 -631
-791 777
-760 -593
934 397
-830 370
662 390
968 -268
886 208
-957 242
-887 828
732 217
703 498
824 -373
-944 510
-64 -91
691 -637
-215 433
-359 -156
175 -712
-56 -654
221 334
589 -588
-575 705
-660 -587
-493 516
-738 593
-728 -748
326 -356
-313 -864
739 370
-775 -629
-389 734
-1 820
891 -171
-775 -274
495 213
319 824
757 -958
626 153
724 -287
-260 699
509 960
-750 474
-956 -540
129 460
-677 -660
-896 220
437 -369
-484 -416
801 427
-563 701
984 -724
-783 915
668 557
72 172
-42 353
81 499
-819 488
-335 733
-962 155
700 -814
-850 -660
-286 635
-102 350
571 -874
-307 174
473 859
383 -303
-360 372
-978 812
310 -342
-668 854
21 8
150 -58
-488 -350
-420 977
35 179
-740 -593
-29 112
318 485
-46 -54
430 41
-602 347
-315 -796
681 309
-430 -199
-767 -691
710 920
678 -668
612 889
854 -700
-621 -236
536 833
402 879
-520 828
-985 -433
642 -430
-15 446
-123 118
-928 878
10 -206
-634 -465
-730 999
-148 -189
-837 -716
187 -643
-481 650
806 155
610 -261
395 -963
-767 444
783 944
-652 -522
610 -794
902 -944
-649 -518
142 772
608 230
51 538
-891 -543
-980 -114
-626 -10
530 509
647 720
657 -25
-112 -849
285 -579
-560 319
442 -317
-840 767
189 58
-8 -368
-875 330
478 123
-108 -912
831 635
-146 -928
-488 -147
588 -706
128 -958
-326 616
-241 938
280 -65
-394 197
674 -575
762 19
-539 -151
450 496
-1000 901
700 826
-923 797
-450 -635
-516 -34
138 983
454 924
920 282
-827 -214
-18 79
-285 548
300 804
40 641
-905 410
362 -113
-201 746
-639 -167
65 -818
781 550
899 6
6 -534
-64 448
-679 -740
-298 -204
-296 619
677 -699
-149 -598
378 586
-756 -386
-188 -578
687 437
-594 -437
578 161
-457 -716
318 404
843 -167
163 392
-970 -437
-597 489
-42 728
-506 743
-390 -160
943 854
770 771
523 -894
-605 190
-95 864
988 553
-79 978
916 -705
35 538
775 -132
351 -939
820 -517
873 477
-563 115
487 602
-176 414
-233 195
-509 407
247 172
-636 871
-505 -815
453 -550
621 201
-943 -861
-106 -278
-577 -491
-547 926
208 605
-752 -585
765 858
-492 98
59 -583
564 904
421 536
578 -334
-430 230
479 7
131 -445
-125 -234
-790 -259
173 932
-697 660
296 -883
-193 -409
-307 738
78 -868
179 222
977 124
-919 663
-742 -710
239 -636
719 909
-859 367
41 63
-944 -603
-275 533
-500 -519
-869 273
-93 -272
4 -508
-941 -774
531 -818
-838 731
-467 737
942 956
-963 705
-793 -425
-323 -549
-930 -849
-494 -621
651 -893
-857 -726
-45 -923
218 -275
792 327
-299 830
152 -818
-677 -143
650 -871
-960 -494
214 765
702 -587
-90 -296
257 792
361 73
-259 565
-898 -40
363 -78
-582 386
-13 16
584 59
828 -520
435 -934
-777 -194
-724 272
688 -893
288 -488
-624 905
-488 124
-353 672
-839 495
801 -352
69 847
512 325
799 -814
626 972
-542 438
794 -450
-54 546
349 -672
-543 -883
-43 375
151 113
331 744
-136 -159
238 -388
696 694
-497 502
327 495
-490 -84
947 961
515 -919
57 637
-553 263
-634 901
-461 209
-458 136
878 969
380 -674
-295 255
-941 931
-915 751
561 572
306 -180
278 -114
-461 3
113 -264
-667 973
-734 -620
-936 -768
783 822
174 173
-18 412
-836 -883
348 868
300 708
606 124
304 275
749 926
41 -67
968 191
-448 -48
0 -970
-989 -232
-205 -938
-739 849
997 763
-975 892
264 966
-282 740
-643 216
777 -563
-511 -117
251 -574
452 -435
93 -535
413 903
-380 484
862 -487
-671 -989
870 343
-392 578
286 279
262 -432
-833 -423
-397 872
-323 -686
252 -929
495 -340
565 -881
152 -511
522 -630
-319 -105
-727 -778
-70 670
441 -901
-669 -371
-864 544
-621 -892
301 -884
-437 -310
78 70
-831 -217
317 251
801 -142
-808 -528
-947 -558
514 -614
324 730
-704 26
196 30
260 220
280 959
-978 299
-868 601
600 711
-536 -542
977 -168
-451 -814
-778 316
-391 931
309 -274
813 926
-849 63
964 678
-661 766
612 72
-575 -524
-732 288
-974 -789
861 -774
-149 -83
-521 -923
-920 35
578 997
-944 -101
396 972
523 -282
-341 -831
-94 -312
-869 413
513 467
-599 680
-491 776
800 -817
615 -977
-254 709
-389 356
-258 -63
-474 203
-507 814
102 -635
428 264
-756 -150
